ISS (ZARYA)             
1 25544U 98067A   24303.40526963  .00046268  00000+0  79212-3 0  9996
2 25544  51.6406  10.5581 0009124 114.5833 332.9952 15.50728255479367
CSS (TIANHE)            
1 48274U 21035A   24303.13056901  .00069666  00000+0  82953-3 0  9995
2 48274  41.4678 345.8430 0007390 295.9868  64.0209 15.60121331200051
ISS (NAUKA)             
1 49044U 21066A   24302.87407229  .00047120  00000+0  80790-3 0  9996
2 49044  51.6400  13.1950 0009060 114.1229 246.0708 15.50679178478457
FREGAT DEB              
1 49271U 11037PF  24303.08246347  .00030619  00000+0  76564-1 0  9998
2 49271  51.6300 321.7205 0902212  50.1320 317.5422 12.22083730151545
CSS (WENTIAN)           
1 53239U 22085A   24302.55442658  .00073153  00000+0  87321-3 0  9991
2 53239  41.4680 349.3446 0007427 291.7684  68.2364 15.60038874124397
CSS (MENGTIAN)          
1 54216U 22143A   24302.55442658  .00073153  00000+0  87321-3 0  9992
2 54216  41.4680 349.3446 0007427 291.7684  68.2364 15.60038874112895
TIANZHOU-7              
1 58811U 24013A   24302.55442658  .00073153  00000+0  87321-3 0  9995
2 58811  41.4680 349.3446 0007427 291.7684  68.2364 15.60038874474880
1998-067WL              
1 59561U 98067WL  24302.87382026  .00237589  00000+0  11731-2 0  9991
2 59561  51.6250 356.5969 0006836  18.3001 341.8246 15.80833918 30238
SHENZHOU-18 (SZ-18)     
1 59591U 24078A   24302.55442658  .00073153  00000+0  87321-3 0  9992
2 59591  41.4680 349.3446 0007427 291.7684  68.2364 15.60038874 28072
SZ-17 MODULE            
1 59624U 23164C   24303.12805455  .00196259  00000+0  69059-3 0  9997
2 59624  41.4720 332.2241 0011068 123.4688 236.7220 15.87703391 28647
PROGRESS-MS 27          
1 59913U 24103A   24302.87407229  .00047120  00000+0  80790-3 0  9997
2 59913  51.6400  13.1950 0009060 114.1229 246.0708 15.50679178 23695
CYGNUS NG-21            
1 60378U 24139A   24302.87407229  .00047120  00000+0  80790-3 0  9993
2 60378  51.6400  13.1950 0009060 114.1229 246.0708 15.50679178478450
PROGRESS-MS 28          
1 60450U 24145A   24302.87407229  .00047120  00000+0  80790-3 0  9991
2 60450  51.6400  13.1950 0009060 114.1229 246.0708 15.50679178478451
BINAR-4                 
1 60952U 98067WS  24302.59926789  .01156986  59015-3  38485-2 0  9997
2 60952  51.6240   8.3205 0010898  23.9141 336.2369 15.89661940  9422
COSMOGIRLSAT            
1 60953U 98067WT  24302.55060652  .00291788  00000+0  24232-2 0  9992
2 60953  51.6322  11.0304 0004789  72.6860 287.4661 15.68708155  9380
SAKURA                  
1 60954U 98067WU  24302.89080913  .00359520  00000+0  26010-2 0  9997
2 60954  51.6309   8.7988 0005444  56.6708 303.4811 15.71817213  9442
BINAR-2                 
1 60956U 98067WW  24302.47501753  .00923703  00000+0  39173-2 0  9997
2 60956  51.6189   9.7256 0009382  28.9271 331.2250 15.82348125  9383
BINAR-3                 
1 60957U 98067WX  24302.89780718  .01089395  51463-3  36627-2 0  9999
2 60957  51.6179   6.5490 0012969  27.4112 332.7575 15.89389639 11450
1998-067WY              
1 60958U 98067WY  24302.89033383  .00260457  00000+0  22921-2 0  9997
2 60958  51.6348   9.5562 0004661  83.3207 276.8319 15.67386319  9424
SOYUZ-MS 26             
1 61043U 24162A   24302.87407229  .00047120  00000+0  80790-3 0  9999
2 61043  51.6400  13.1950 0009060 114.1229 246.0708 15.50679178478450
CREW DRAGON 9           
1 61447U 24178A   24302.87407229  .00047120  00000+0  80790-3 0  9994
2 61447  51.6400  13.1950 0009060 114.1229 246.0708 15.50679178478458
CYSAT-1                 
1 61501U 98067WZ  24302.89628994  .00192280  00000+0  26167-2 0  9994
2 61501  51.6377  12.5935 0007782 107.0857 253.0988 15.56351447  3224
DORA                    
1 61502U 98067XA  24302.62140179  .00348707  00000+0  41297-2 0  9998
2 61502  51.6371  13.7574 0008330  70.6315 289.5578 15.59503048  3177
